
전체 단걀 등급
=================================================
1, 2, 3, 4, 5, 6, 7, 8, (9), 
10, 11, 12, 13, 14, 15, 16, 17, (18), 
19, 20, 21, 22, 23, 24, 25, 26, (27), 
28, 29, 30, 31, 32, 33, 34, 35, (36), 
37, 38, 39, 40, 41, 42, 43, 44, (45), 
46, 47, 48, 49, 50, 51, (52), (53), *54*, 
55, 56, 57, 58, 59, 60, (61), (62), *63*, 
64, 65, 66, 67, 68, 69, (70), (71), *72*, 
73, 74, 75, (76), (77), (78), *79*, *80*, *81*
=================================================


보내면 안되는 것 (선생님 전용)
(62), (76), 

선생님 제공 가능한 것

보내면 안되는 것 (예약)


보낼 수 있는 것
4, 7, 8, 
11, 13, 17, 
20, 26, 
31, 34, 
39, 40, 42, 43, (45), 
46, 48, 50, 51, 
55, 57, 58, 
67, 68, 
73, 74, (78), 



필요 한 것
*54*, *79*, *80*





1360 x 450 = 612,000
400 x 600 = 240,000
40 x 9000 = 360,000
total = 1,212,000

